     1        0   0.000
     2    28646   0.010
     3    57080   0.020
     4    85450   0.030
     5   113852   0.040
     6   142239   0.050
     7   170610   0.060
     8   198966   0.070
     9   227328   0.080
    10   255684   0.090
    11   284049   0.100
    12   312405   0.110
    13   340769   0.120
    14   369126   0.130
    15   397489   0.140
    16   425847   0.150
    17   454214   0.160
    18   482597   0.170
    19   511004   0.180
    20   539392   0.190
    21   567790   0.200
    22   596175   0.210
    23   624580   0.220
    24   652966   0.230
    25   681376   0.240
    26   709764   0.250
    27   738162   0.260
    28   766559   0.270
    29   794961   0.280
    30   823349   0.290
    31   851753   0.300
    32   880142   0.310
    33   908550   0.320
    34   936961   0.330
    35   965367   0.340
    36   993769   0.350
    37  1022177   0.360
    38  1050580   0.370
    39  1078997   0.380
    40  1107408   0.390
    41  1135827   0.400
    42  1164243   0.410
    43  1192662   0.420
    44  1221088   0.430
    45  1249517   0.440
    46  1277940   0.450
    47  1306368   0.460
    48  1334791   0.470
    49  1363219   0.480
    50  1391648   0.490
    51  1420079   0.500
    52  1448510   0.510
    53  1476947   0.520
    54  1505386   0.530
    55  1533826   0.540
    56  1562267   0.550
    57  1590711   0.560
    58  1619157   0.570
    59  1647605   0.580
    60  1676056   0.590
    61  1704510   0.600
    62  1732966   0.610
    63  1761425   0.620
    64  1789887   0.630
    65  1818352   0.640
    66  1846820   0.650
    67  1875291   0.660
    68  1903764   0.670
    69  1932240   0.680
    70  1960719   0.690
    71  1989200   0.700
    72  2017684   0.710
    73  2046171   0.720
    74  2074660   0.730
    75  2103152   0.740
    76  2131646   0.750
    77  2160143   0.760
    78  2188642   0.770
    79  2217144   0.780
    80  2245648   0.790
    81  2274155   0.800
    82  2302664   0.810
    83  2331176   0.820
    84  2359690   0.830
    85  2388206   0.840
    86  2416725   0.850
    87  2445246   0.860
    88  2473769   0.870
    89  2502295   0.880
    90  2530823   0.890
    91  2559353   0.900
    92  2587886   0.910
    93  2616421   0.920
    94  2644958   0.930
    95  2673497   0.940
    96  2702038   0.950
