     1        0   270000   0.000
     2    28646   270822   0.010
     3    57080   272161   0.020
     4    85450   273104   0.030
     5   113852   274556   0.040
     6   142239   275585   0.050
     7   170610   277058   0.060
     8   198966   277970   0.070
     9   227328   279361   0.080
    10   255684   280276   0.090
    11   284049   281679   0.100
    12   312405   282622   0.110
    13   340769   284007   0.120
    14   369126   284939   0.130
    15   397489   286377   0.140
    16   425847   287350   0.150
    17   454214   288893   0.160
    18   482597   289856   0.170
    19   511004   291366   0.180
    20   539392   292429   0.190
    21   567790   293894   0.200
    22   596175   294826   0.210
    23   624580   296262   0.220
    24   652966   297182   0.230
    25   681376   298712   0.240
    26   709764   299640   0.250
    27   738162   301022   0.260
    28   766559   302000   0.270
    29   794961   303498   0.280
    30   823349   304461   0.290
    31   851753   305866   0.300
    32   880142   306803   0.310
    33   908550   308286   0.320
    34   936961   309322   0.330
    35   965367   310758   0.340
    36   993769   311727   0.350
    37  1022177   313146   0.360
    38  1050580   314089   0.370
    39  1078997   315521   0.380
    40  1107408   316436   0.390
    41  1135827   317835   0.400
    42  1164243   318856   0.410
    43  1192662   320323   0.420
    44  1221088   321290   0.430
    45  1249517   322732   0.440
    46  1277940   323723   0.450
    47  1306368   325228   0.460
    48  1334791   326170   0.470
    49  1363219   327588   0.480
    50  1391648   328594   0.490
    51  1420079   330027   0.500
    52  1448510   330961   0.510
    53  1476947   332385   0.520
    54  1505386   333333   0.530
    55  1533826   334813   0.540
    56  1562267   335763   0.550
    57  1590711   337268   0.560
    58  1619157   338272   0.570
    59  1647605   339760   0.580
    60  1676056   340750   0.590
    61  1704510   342247   0.600
    62  1732966   343219   0.610
    63  1761425   344711   0.620
    64  1789887   345739   0.630
    65  1818352   347211   0.640
    66  1846820   348256   0.650
    67  1875291   349744   0.660
    68  1903764   350694   0.670
    69  1932240   352189   0.680
    70  1960719   353203   0.690
    71  1989200   354690   0.700
    72  2017684   355684   0.710
    73  2046171   357270   0.720
    74  2074660   358315   0.730
    75  2103152   359789   0.740
    76  2131646   360801   0.750
    77  2160143   362286   0.760
    78  2188642   363309   0.770
    79  2217144   364873   0.780
    80  2245648   365903   0.790
    81  2274155   367423   0.800
    82  2302664   368475   0.810
    83  2331176   370018   0.820
    84  2359690   371038   0.830
    85  2388206   372635   0.840
    86  2416725   373662   0.850
    87  2445246   375188   0.860
    88  2473769   376203   0.870
    89  2502295   377752   0.880
    90  2530823   378828   0.890
    91  2559353   380384   0.900
    92  2587886   381387   0.910
    93  2616421   382921   0.920
    94  2644958   383943   0.930
    95  2673497   385465   0.940
    96  2702038   386533   0.950
