     1    14701     2848   0.001
     2    14701     5726   0.002
     3    14701     8625   0.003
     4    14701    11540   0.004
     5    14701    14376   0.005
     6    14701    17229   0.006
     7    14701    20095   0.007
     8    14701    22972   0.008
     9    14701    25806   0.009
    10    14701    28651   0.010
    11    14701    31504   0.011
    12    14701    34362   0.012
    13    14701    37194   0.013
    14    14701    40033   0.014
    15    14701    42877   0.015
    16    14701    45725   0.016
    17    14701    48556   0.017
    18    14701    51394   0.018
    19    14701    54239   0.019
    20    14701    57089   0.020
    21    14701    59921   0.021
    22    14701    62759   0.022
    23    14701    65601   0.023
    24    14701    68444   0.024
    25    14701    71276   0.025
    26    14701    74113   0.026
    27    14701    76953   0.027
    28    14701    79794   0.028
    29    14701    82625   0.029
    30    14701    85463   0.030
    31    14701    88307   0.031
    32    14701    91154   0.032
    33    14701    93985   0.033
    34    14701    96822   0.034
    35    14701    99662   0.035
    36    14701   102504   0.036
    37    14701   105335   0.037
    38    14701   108174   0.038
    39    14701   111019   0.039
    40    14701   113869   0.040
    41    14701   116701   0.041
    42    14701   119540   0.042
    43    14701   122386   0.043
    44    14701   125237   0.044
    45    14701   128068   0.045
    46    14701   130906   0.046
    47    14701   133748   0.047
    48    14701   136592   0.048
    49    14701   139423   0.049
    50    14701   142260   0.050
    51    14701   145101   0.051
    52    14701   147944   0.052
    53    14701   150775   0.053
    54    14701   153611   0.054
    55    14701   156449   0.055
    56    14701   159289   0.056
    57    14701   162121   0.057
    58    14701   164958   0.058
    59    14701   167796   0.059
    60    14701   170635   0.060
    61    14701   173467   0.061
    62    14701   176304   0.062
    63    14701   179143   0.063
    64    14701   181982   0.064
    65    14701   184814   0.065
    66    14701   187651   0.066
    67    14701   190489   0.067
    68    14701   193328   0.068
    69    14701   196160   0.069
    70    14701   198997   0.070
    71    14701   201835   0.071
    72    14701   204674   0.072
    73    14701   207506   0.073
    74    14701   210343   0.074
    75    14701   213181   0.075
    76    14701   216019   0.076
    77    14701   218851   0.077
    78    14701   221688   0.078
    79    14701   224526   0.079
    80    14701   227365   0.080
    81    14701   230197   0.081
    82    14701   233033   0.082
    83    14701   235871   0.083
    84    14701   238710   0.084
    85    14701   241542   0.085
    86    14701   244379   0.086
    87    14701   247217   0.087
    88    14701   250056   0.088
    89    14701   252888   0.089
    90    14701   255725   0.090
    91    14701   258563   0.091
    92    14701   261402   0.092
    93    14701   264234   0.093
    94    14701   267071   0.094
    95    14701   269910   0.095
    96    14701   272749   0.096
    97    14701   275581   0.097
    98    14701   278417   0.098
    99    14701   281255   0.099
   100    14701   284094   0.100
   101    14701   286926   0.101
   102    14701   289763   0.102
   103    14701   292602   0.103
   104    14701   295441   0.104
   105    14701   298273   0.105
   106    14701   301109   0.106
   107    14701   303947   0.107
   108    14701   306785   0.108
   109    14701   309617   0.109
   110    14701   312454   0.110
   111    14701   315292   0.111
   112    14701   318131   0.112
   113    14701   320963   0.113
   114    14701   323799   0.114
   115    14701   326637   0.115
   116    14701   329475   0.116
   117    14701   332308   0.117
   118    14701   335145   0.118
   119    14701   337983   0.119
   120    14701   340822   0.120
   121    14701   343655   0.121
   122    14701   346492   0.122
   123    14701   349331   0.123
   124    14701   352170   0.124
   125    14701   355003   0.125
   126    14701   357840   0.126
   127    14701   360678   0.127
   128    14701   363516   0.128
   129    14701   366349   0.129
   130    14701   369186   0.130
   131    14701   372024   0.131
   132    14701   374862   0.132
   133    14701   377695   0.133
   134    14701   380531   0.134
   135    14701   383369   0.135
   136    14701   386207   0.136
   137    14701   389040   0.137
   138    14701   391877   0.138
   139    14701   394715   0.139
   140    14701   397554   0.140
   141    14701   400387   0.141
   142    14701   403224   0.142
   143    14701   406062   0.143
   144    14701   408901   0.144
   145    14701   411734   0.145
   146    14701   414571   0.146
   147    14701   417409   0.147
   148    14701   420247   0.148
   149    14701   423080   0.149
   150    14701   425917   0.150
   151    14701   428755   0.151
   152    14701   431594   0.152
   153    14701   434427   0.153
   154    14701   437264   0.154
   155    14701   440102   0.155
   156    14701   442940   0.156
   157    14701   445774   0.157
   158    14701   448612   0.158
   159    14701   451451   0.159
   160    14701   454290   0.160
   161    14701   457124   0.161
   162    14701   459964   0.162
   163    14701   462807   0.163
   164    14701   465652   0.164
   165    14701   468486   0.165
   166    14701   471324   0.166
   167    14701   474162   0.167
   168    14701   477000   0.168
   169    14701   479835   0.169
   170    14701   482677   0.170
   171    14701   485523   0.171
   172    14701   488371   0.172
   173    14701   491205   0.173
   174    14701   494043   0.174
   175    14701   496882   0.175
   176    14701   499722   0.176
   177    14701   502557   0.177
   178    14701   505397   0.178
   179    14701   508242   0.179
   180    14701   511088   0.180
   181    14701   513923   0.181
   182    14701   516763   0.182
   183    14701   519607   0.183
   184    14701   522453   0.184
   185    14701   525288   0.185
   186    14701   528126   0.186
   187    14701   530965   0.187
   188    14701   533804   0.188
   189    14701   536640   0.189
   190    14701   539481   0.190
   191    14701   542324   0.191
   192    14701   545167   0.192
   193    14701   548003   0.193
   194    14701   550843   0.194
   195    14701   553687   0.195
   196    14701   556532   0.196
   197    14701   559368   0.197
   198    14701   562207   0.198
   199    14701   565046   0.199
   200    14701   567885   0.200
   201    14701   570721   0.201
   202    14701   573561   0.202
   203    14701   576403   0.203
   204    14701   579245   0.204
   205    14701   582081   0.205
   206    14701   584920   0.206
   207    14701   587759   0.207
   208    14701   590598   0.208
   209    14701   593435   0.209
   210    14701   596275   0.210
   211    14701   599117   0.211
   212    14701   601959   0.212
   213    14701   604796   0.213
   214    14701   607638   0.214
   215    14701   610484   0.215
   216    14701   613331   0.216
   217    14701   616167   0.217
   218    14701   619006   0.218
   219    14701   621846   0.219
   220    14701   624686   0.220
   221    14701   627522   0.221
   222    14701   630361   0.222
   223    14701   633202   0.223
   224    14701   636043   0.224
   225    14701   638879   0.225
   226    14701   641718   0.226
   227    14701   644558   0.227
   228    14701   647399   0.228
   229    14701   650236   0.229
   230    14701   653076   0.230
   231    14701   655917   0.231
   232    14701   658758   0.232
   233    14701   661595   0.233
   234    14701   664435   0.234
   235    14701   667275   0.235
   236    14701   670115   0.236
   237    14701   672953   0.237
   238    14701   675796   0.238
   239    14701   678643   0.239
   240    14701   681490   0.240
   241    14701   684327   0.241
   242    14701   687166   0.242
   243    14701   690005   0.243
   244    14701   692844   0.244
   245    14701   695681   0.245
   246    14701   698522   0.246
   247    14701   701364   0.247
   248    14701   704206   0.248
   249    14701   707043   0.249
   250    14701   709884   0.250
   251    14701   712726   0.251
   252    14701   715568   0.252
   253    14701   718405   0.253
   254    14701   721244   0.254
   255    14701   724084   0.255
   256    14701   726923   0.256
   257    14701   729761   0.257
   258    14701   732602   0.258
   259    14701   735444   0.259
   260    14701   738286   0.260
   261    14701   741124   0.261
   262    14701   743965   0.262
   263    14701   746807   0.263
   264    14701   749649   0.264
   265    14701   752486   0.265
   266    14701   755326   0.266
   267    14701   758168   0.267
   268    14701   761011   0.268
   269    14701   763849   0.269
   270    14701   766689   0.270
   271    14701   769530   0.271
   272    14701   772371   0.272
   273    14701   775209   0.273
   274    14701   778050   0.274
   275    14701   780891   0.275
   276    14701   783732   0.276
   277    14701   786570   0.277
   278    14701   789411   0.278
   279    14701   792254   0.279
   280    14701   795097   0.280
   281    14701   797934   0.281
   282    14701   800773   0.282
   283    14701   803613   0.283
   284    14701   806454   0.284
   285    14701   809291   0.285
   286    14701   812130   0.286
   287    14701   814970   0.287
   288    14701   817811   0.288
   289    14701   820649   0.289
   290    14701   823489   0.290
   291    14701   826330   0.291
   292    14701   829171   0.292
   293    14701   832009   0.293
   294    14701   834850   0.294
   295    14701   837691   0.295
   296    14701   840532   0.296
   297    14701   843371   0.297
   298    14701   846213   0.298
   299    14701   849056   0.299
   300    14701   851899   0.300
   301    14701   854737   0.301
   302    14701   857576   0.302
   303    14701   860416   0.303
   304    14701   863256   0.304
   305    14701   866094   0.305
   306    14701   868934   0.306
   307    14701   871775   0.307
   308    14701   874616   0.308
   309    14701   877454   0.309
   310    14701   880294   0.310
   311    14701   883134   0.311
   312    14701   885974   0.312
   313    14701   888813   0.313
   314    14701   891656   0.314
   315    14701   894502   0.315
   316    14701   897348   0.316
   317    14701   900186   0.317
   318    14701   903025   0.318
   319    14701   905865   0.319
   320    14701   908705   0.320
   321    14701   911545   0.321
   322    14701   914389   0.322
   323    14701   917235   0.323
   324    14701   920082   0.324
   325    14701   922920   0.325
   326    14701   925759   0.326
   327    14701   928600   0.327
   328    14701   931441   0.328
   329    14701   934280   0.329
   330    14701   937120   0.330
   331    14701   939961   0.331
   332    14701   942802   0.332
   333    14701   945641   0.333
   334    14701   948482   0.334
   335    14701   951323   0.335
   336    14701   954164   0.336
   337    14701   957004   0.337
   338    14701   959846   0.338
   339    14701   962689   0.339
   340    14701   965531   0.340
   341    14701   968370   0.341
   342    14701   971211   0.342
   343    14701   974052   0.343
   344    14701   976893   0.344
   345    14701   979732   0.345
   346    14701   982574   0.346
   347    14701   985416   0.347
   348    14701   988258   0.348
   349    14701   991097   0.349
   350    14701   993937   0.350
   351    14701   996778   0.351
   352    14701   999620   0.352
   353    14701  1002459   0.353
   354    14701  1005300   0.354
   355    14701  1008141   0.355
   356    14701  1010982   0.356
   357    14701  1013822   0.357
   358    14701  1016664   0.358
   359    14701  1019507   0.359
   360    14701  1022350   0.360
   361    14701  1025189   0.361
   362    14701  1028029   0.362
   363    14701  1030869   0.363
   364    14701  1033709   0.364
   365    14701  1036549   0.365
   366    14701  1039391   0.366
   367    14701  1042233   0.367
   368    14701  1045074   0.368
   369    14701  1047915   0.369
   370    14701  1050758   0.370
   371    14701  1053601   0.371
   372    14701  1056444   0.372
   373    14701  1059284   0.373
   374    14701  1062127   0.374
   375    14701  1064971   0.375
   376    14701  1067815   0.376
   377    14701  1070655   0.377
   378    14701  1073496   0.378
   379    14701  1076337   0.379
   380    14701  1079178   0.380
   381    14701  1082018   0.381
   382    14701  1084861   0.382
   383    14701  1087704   0.383
   384    14701  1090547   0.384
   385    14701  1093387   0.385
   386    14701  1096228   0.386
   387    14701  1099069   0.387
   388    14701  1101910   0.388
   389    14701  1104751   0.389
   390    14701  1107594   0.390
   391    14701  1110437   0.391
   392    14701  1113280   0.392
   393    14701  1116121   0.393
   394    14701  1118963   0.394
   395    14701  1121805   0.395
   396    14701  1124647   0.396
   397    14701  1127488   0.397
   398    14701  1130331   0.398
   399    14701  1133175   0.399
   400    14701  1136018   0.400
   401    14701  1138859   0.401
   402    14701  1141702   0.402
   403    14701  1144546   0.403
   404    14701  1147389   0.404
   405    14701  1150230   0.405
   406    14701  1153071   0.406
   407    14701  1155913   0.407
   408    14701  1158754   0.408
   409    14701  1161596   0.409
   410    14701  1164439   0.410
   411    14701  1167283   0.411
   412    14701  1170126   0.412
   413    14701  1172967   0.413
   414    14701  1175809   0.414
   415    14701  1178653   0.415
   416    14701  1181497   0.416
   417    14701  1184338   0.417
   418    14701  1187180   0.418
   419    14701  1190022   0.419
   420    14701  1192864   0.420
   421    14701  1195706   0.421
   422    14701  1198550   0.422
   423    14701  1201394   0.423
   424    14701  1204237   0.424
   425    14701  1207079   0.425
   426    14701  1209922   0.426
   427    14701  1212765   0.427
   428    14701  1215608   0.428
   429    14701  1218450   0.429
   430    14701  1221294   0.430
   431    14701  1224139   0.431
   432    14701  1226984   0.432
   433    14701  1229826   0.433
   434    14701  1232669   0.434
   435    14701  1235513   0.435
   436    14701  1238357   0.436
   437    14701  1241199   0.437
   438    14701  1244042   0.438
   439    14701  1246885   0.439
   440    14701  1249728   0.440
   441    14701  1252570   0.441
   442    14701  1255413   0.442
   443    14701  1258257   0.443
   444    14701  1261102   0.444
   445    14701  1263944   0.445
   446    14701  1266786   0.446
   447    14701  1269629   0.447
   448    14701  1272472   0.448
   449    14701  1275314   0.449
   450    14701  1278157   0.450
   451    14701  1281001   0.451
   452    14701  1283845   0.452
   453    14701  1286687   0.453
   454    14701  1289529   0.454
   455    14701  1292371   0.455
   456    14701  1295213   0.456
   457    14701  1298055   0.457
   458    14701  1300899   0.458
   459    14701  1303744   0.459
   460    14701  1306589   0.460
   461    14701  1309431   0.461
   462    14701  1312273   0.462
   463    14701  1315117   0.463
   464    14701  1317961   0.464
   465    14701  1320803   0.465
   466    14701  1323645   0.466
   467    14701  1326488   0.467
   468    14701  1329331   0.468
   469    14701  1332174   0.469
   470    14701  1335018   0.470
   471    14701  1337863   0.471
   472    14701  1340708   0.472
   473    14701  1343550   0.473
   474    14701  1346392   0.474
   475    14701  1349235   0.475
   476    14701  1352079   0.476
   477    14701  1354921   0.477
   478    14701  1357764   0.478
   479    14701  1360607   0.479
   480    14701  1363450   0.480
   481    14701  1366293   0.481
   482    14701  1369137   0.482
   483    14701  1371982   0.483
   484    14701  1374827   0.484
   485    14701  1377670   0.485
   486    14701  1380513   0.486
   487    14701  1383356   0.487
   488    14701  1386199   0.488
   489    14701  1389042   0.489
   490    14701  1391885   0.490
   491    14701  1394728   0.491
   492    14701  1397571   0.492
   493    14701  1400414   0.493
   494    14701  1403258   0.494
   495    14701  1406102   0.495
   496    14701  1408946   0.496
   497    14701  1411789   0.497
   498    14701  1414632   0.498
   499    14701  1417476   0.499
   500    14701  1420320   0.500
   501    14701  1423163   0.501
   502    14701  1426006   0.502
   503    14701  1428850   0.503
   504    14701  1431694   0.504
   505    14701  1434537   0.505
   506    14701  1437381   0.506
   507    14701  1440225   0.507
   508    14701  1443069   0.508
   509    14701  1445913   0.509
   510    14701  1448757   0.510
   511    14701  1451601   0.511
   512    14701  1454445   0.512
   513    14701  1457289   0.513
   514    14701  1460133   0.514
   515    14701  1462977   0.515
   516    14701  1465821   0.516
   517    14701  1468665   0.517
   518    14701  1471509   0.518
   519    14701  1474353   0.519
   520    14701  1477197   0.520
   521    14701  1480041   0.521
   522    14701  1482885   0.522
   523    14701  1485730   0.523
   524    14701  1488574   0.524
   525    14701  1491418   0.525
   526    14701  1494263   0.526
   527    14701  1497108   0.527
   528    14701  1499953   0.528
   529    14701  1502797   0.529
   530    14701  1505642   0.530
   531    14701  1508487   0.531
   532    14701  1511332   0.532
   533    14701  1514176   0.533
   534    14701  1517021   0.534
   535    14701  1519866   0.535
   536    14701  1522711   0.536
   537    14701  1525555   0.537
   538    14701  1528399   0.538
   539    14701  1531243   0.539
   540    14701  1534087   0.540
   541    14701  1536931   0.541
   542    14701  1539775   0.542
   543    14701  1542619   0.543
   544    14701  1545463   0.544
   545    14701  1548307   0.545
   546    14701  1551152   0.546
   547    14701  1553997   0.547
   548    14701  1556842   0.548
   549    14701  1559687   0.549
   550    14701  1562532   0.550
   551    14701  1565377   0.551
   552    14701  1568222   0.552
   553    14701  1571067   0.553
   554    14701  1573912   0.554
   555    14701  1576757   0.555
   556    14701  1579602   0.556
   557    14701  1582447   0.557
   558    14701  1585292   0.558
   559    14701  1588137   0.559
   560    14701  1590982   0.560
   561    14701  1593827   0.561
   562    14701  1596672   0.562
   563    14701  1599517   0.563
   564    14701  1602362   0.564
   565    14701  1605207   0.565
   566    14701  1608052   0.566
   567    14701  1610897   0.567
   568    14701  1613742   0.568
   569    14701  1616587   0.569
   570    14701  1619432   0.570
   571    14701  1622277   0.571
   572    14701  1625122   0.572
   573    14701  1627967   0.573
   574    14701  1630812   0.574
   575    14701  1633657   0.575
   576    14701  1636502   0.576
   577    14701  1639347   0.577
   578    14701  1642192   0.578
   579    14701  1645037   0.579
   580    14701  1647882   0.580
   581    14701  1650727   0.581
   582    14701  1653572   0.582
   583    14701  1656418   0.583
   584    14701  1659264   0.584
   585    14701  1662110   0.585
   586    14701  1664956   0.586
   587    14701  1667802   0.587
   588    14701  1670648   0.588
   589    14701  1673494   0.589
   590    14701  1676340   0.590
   591    14701  1679186   0.591
   592    14701  1682032   0.592
   593    14701  1684878   0.593
   594    14701  1687724   0.594
   595    14701  1690570   0.595
   596    14701  1693416   0.596
   597    14701  1696262   0.597
   598    14701  1699108   0.598
   599    14701  1701954   0.599
   600    14701  1704800   0.600
   601    14701  1707646   0.601
   602    14701  1710492   0.602
   603    14701  1713338   0.603
   604    14701  1716184   0.604
   605    14701  1719030   0.605
   606    14701  1721876   0.606
   607    14701  1724722   0.607
   608    14701  1727568   0.608
   609    14701  1730414   0.609
   610    14701  1733260   0.610
   611    14701  1736106   0.611
   612    14701  1738952   0.612
   613    14701  1741798   0.613
   614    14701  1744644   0.614
   615    14701  1747490   0.615
   616    14701  1750336   0.616
   617    14701  1753182   0.617
   618    14701  1756028   0.618
   619    14701  1758874   0.619
   620    14701  1761720   0.620
   621    14701  1764567   0.621
   622    14701  1767414   0.622
   623    14701  1770261   0.623
   624    14701  1773108   0.624
   625    14701  1775955   0.625
   626    14701  1778802   0.626
   627    14701  1781649   0.627
   628    14701  1784496   0.628
   629    14701  1787343   0.629
   630    14701  1790190   0.630
   631    14701  1793037   0.631
   632    14701  1795884   0.632
   633    14701  1798731   0.633
   634    14701  1801578   0.634
   635    14701  1804425   0.635
   636    14701  1807272   0.636
   637    14701  1810119   0.637
   638    14701  1812966   0.638
   639    14701  1815813   0.639
   640    14701  1818660   0.640
   641    14701  1821507   0.641
   642    14701  1824354   0.642
   643    14701  1827201   0.643
   644    14701  1830048   0.644
   645    14701  1832895   0.645
   646    14701  1835742   0.646
   647    14701  1838589   0.647
   648    14701  1841436   0.648
   649    14701  1844283   0.649
   650    14701  1847130   0.650
   651    14701  1849977   0.651
   652    14701  1852824   0.652
   653    14701  1855671   0.653
   654    14701  1858518   0.654
   655    14701  1861365   0.655
   656    14701  1864213   0.656
   657    14701  1867061   0.657
   658    14701  1869909   0.658
   659    14701  1872757   0.659
   660    14701  1875605   0.660
   661    14701  1878453   0.661
   662    14701  1881301   0.662
   663    14701  1884149   0.663
   664    14701  1886997   0.664
   665    14701  1889845   0.665
   666    14701  1892693   0.666
   667    14701  1895541   0.667
   668    14701  1898389   0.668
   669    14701  1901237   0.669
   670    14701  1904085   0.670
   671    14701  1906933   0.671
   672    14701  1909781   0.672
   673    14701  1912629   0.673
   674    14701  1915477   0.674
   675    14701  1918325   0.675
   676    14701  1921173   0.676
   677    14701  1924021   0.677
   678    14701  1926869   0.678
   679    14701  1929717   0.679
   680    14701  1932565   0.680
   681    14701  1935413   0.681
   682    14701  1938261   0.682
   683    14701  1941109   0.683
   684    14701  1943957   0.684
   685    14701  1946805   0.685
   686    14701  1949653   0.686
   687    14701  1952501   0.687
   688    14701  1955349   0.688
   689    14701  1958197   0.689
   690    14701  1961045   0.690
   691    14701  1963893   0.691
   692    14701  1966741   0.692
   693    14701  1969590   0.693
   694    14701  1972439   0.694
   695    14701  1975288   0.695
   696    14701  1978137   0.696
   697    14701  1980986   0.697
   698    14701  1983835   0.698
   699    14701  1986684   0.699
   700    14701  1989533   0.700
   701    14701  1992382   0.701
   702    14701  1995231   0.702
   703    14701  1998080   0.703
   704    14701  2000929   0.704
   705    14701  2003778   0.705
   706    14701  2006627   0.706
   707    14701  2009476   0.707
   708    14701  2012325   0.708
   709    14701  2015174   0.709
   710    14701  2018023   0.710
   711    14701  2020872   0.711
   712    14701  2023721   0.712
   713    14701  2026570   0.713
   714    14701  2029419   0.714
   715    14701  2032268   0.715
   716    14701  2035117   0.716
   717    14701  2037966   0.717
   718    14701  2040815   0.718
   719    14701  2043664   0.719
   720    14701  2046513   0.720
   721    14701  2049362   0.721
   722    14701  2052211   0.722
   723    14701  2055060   0.723
   724    14701  2057909   0.724
   725    14701  2060758   0.725
   726    14701  2063607   0.726
   727    14701  2066456   0.727
   728    14701  2069305   0.728
   729    14701  2072154   0.729
   730    14701  2075003   0.730
   731    14701  2077852   0.731
   732    14701  2080702   0.732
   733    14701  2083552   0.733
   734    14701  2086402   0.734
   735    14701  2089252   0.735
   736    14701  2092102   0.736
   737    14701  2094952   0.737
   738    14701  2097802   0.738
   739    14701  2100652   0.739
   740    14701  2103502   0.740
   741    14701  2106352   0.741
   742    14701  2109202   0.742
   743    14701  2112052   0.743
   744    14701  2114902   0.744
   745    14701  2117752   0.745
   746    14701  2120602   0.746
   747    14701  2123452   0.747
   748    14701  2126302   0.748
   749    14701  2129152   0.749
   750    14701  2132002   0.750
   751    14701  2134852   0.751
   752    14701  2137702   0.752
   753    14701  2140552   0.753
   754    14701  2143402   0.754
   755    14701  2146252   0.755
   756    14701  2149102   0.756
   757    14701  2151952   0.757
   758    14701  2154802   0.758
   759    14701  2157652   0.759
   760    14701  2160502   0.760
   761    14701  2163352   0.761
   762    14701  2166202   0.762
   763    14701  2169052   0.763
   764    14701  2171902   0.764
   765    14701  2174752   0.765
   766    14701  2177602   0.766
   767    14701  2180452   0.767
   768    14701  2183302   0.768
   769    14701  2186152   0.769
   770    14701  2189002   0.770
   771    14701  2191852   0.771
   772    14701  2194703   0.772
   773    14701  2197554   0.773
   774    14701  2200405   0.774
   775    14701  2203256   0.775
   776    14701  2206107   0.776
   777    14701  2208958   0.777
   778    14701  2211809   0.778
   779    14701  2214660   0.779
   780    14701  2217511   0.780
   781    14701  2220362   0.781
   782    14701  2223213   0.782
   783    14701  2226064   0.783
   784    14701  2228915   0.784
   785    14701  2231766   0.785
   786    14701  2234617   0.786
   787    14701  2237468   0.787
   788    14701  2240319   0.788
   789    14701  2243170   0.789
   790    14701  2246021   0.790
   791    14701  2248872   0.791
   792    14701  2251723   0.792
   793    14701  2254574   0.793
   794    14701  2257425   0.794
   795    14701  2260276   0.795
   796    14701  2263127   0.796
   797    14701  2265978   0.797
   798    14701  2268829   0.798
   799    14701  2271680   0.799
   800    14701  2274531   0.800
   801    14701  2277382   0.801
   802    14701  2280233   0.802
   803    14701  2283084   0.803
   804    14701  2285935   0.804
   805    14701  2288786   0.805
   806    14701  2291637   0.806
   807    14701  2294488   0.807
   808    14701  2297339   0.808
   809    14701  2300190   0.809
   810    14701  2303041   0.810
   811    14701  2305892   0.811
   812    14701  2308744   0.812
   813    14701  2311596   0.813
   814    14701  2314448   0.814
   815    14701  2317300   0.815
   816    14701  2320152   0.816
   817    14701  2323004   0.817
   818    14701  2325856   0.818
   819    14701  2328708   0.819
   820    14701  2331560   0.820
   821    14701  2334412   0.821
   822    14701  2337264   0.822
   823    14701  2340116   0.823
   824    14701  2342968   0.824
   825    14701  2345820   0.825
   826    14701  2348672   0.826
   827    14701  2351524   0.827
   828    14701  2354376   0.828
   829    14701  2357228   0.829
   830    14701  2360080   0.830
   831    14701  2362932   0.831
   832    14701  2365784   0.832
   833    14701  2368636   0.833
   834    14701  2371488   0.834
   835    14701  2374340   0.835
   836    14701  2377192   0.836
   837    14701  2380044   0.837
   838    14701  2382896   0.838
   839    14701  2385748   0.839
   840    14701  2388600   0.840
   841    14701  2391452   0.841
   842    14701  2394304   0.842
   843    14701  2397156   0.843
   844    14701  2400008   0.844
   845    14701  2402860   0.845
   846    14701  2405712   0.846
   847    14701  2408564   0.847
   848    14701  2411416   0.848
   849    14701  2414268   0.849
   850    14701  2417120   0.850
   851    14701  2419972   0.851
   852    14701  2422824   0.852
   853    14701  2425677   0.853
   854    14701  2428530   0.854
   855    14701  2431383   0.855
   856    14701  2434236   0.856
   857    14701  2437089   0.857
   858    14701  2439942   0.858
   859    14701  2442795   0.859
   860    14701  2445648   0.860
   861    14701  2448501   0.861
   862    14701  2451354   0.862
   863    14701  2454207   0.863
   864    14701  2457060   0.864
   865    14701  2459913   0.865
   866    14701  2462766   0.866
   867    14701  2465619   0.867
   868    14701  2468472   0.868
   869    14701  2471325   0.869
   870    14701  2474178   0.870
   871    14701  2477031   0.871
   872    14701  2479884   0.872
   873    14701  2482737   0.873
   874    14701  2485590   0.874
   875    14701  2488443   0.875
   876    14701  2491296   0.876
   877    14701  2494149   0.877
   878    14701  2497002   0.878
   879    14701  2499855   0.879
   880    14701  2502708   0.880
   881    14701  2505561   0.881
   882    14701  2508414   0.882
   883    14701  2511267   0.883
   884    14701  2514120   0.884
   885    14701  2516973   0.885
   886    14701  2519826   0.886
   887    14701  2522679   0.887
   888    14701  2525532   0.888
   889    14701  2528385   0.889
   890    14701  2531238   0.890
   891    14701  2534091   0.891
   892    14701  2536944   0.892
   893    14701  2539797   0.893
   894    14701  2542650   0.894
   895    14701  2545503   0.895
   896    14701  2548357   0.896
   897    14701  2551211   0.897
   898    14701  2554065   0.898
   899    14701  2556919   0.899
   900    14701  2559773   0.900
   901    14701  2562627   0.901
   902    14701  2565481   0.902
   903    14701  2568335   0.903
   904    14701  2571189   0.904
   905    14701  2574043   0.905
   906    14701  2576897   0.906
   907    14701  2579751   0.907
   908    14701  2582605   0.908
   909    14701  2585459   0.909
   910    14701  2588313   0.910
   911    14701  2591167   0.911
   912    14701  2594021   0.912
   913    14701  2596875   0.913
   914    14701  2599729   0.914
   915    14701  2602583   0.915
   916    14701  2605437   0.916
   917    14701  2608291   0.917
   918    14701  2611145   0.918
   919    14701  2613999   0.919
   920    14701  2616853   0.920
   921    14701  2619707   0.921
   922    14701  2622561   0.922
   923    14701  2625415   0.923
   924    14701  2628269   0.924
   925    14701  2631123   0.925
   926    14701  2633977   0.926
   927    14701  2636831   0.927
   928    14701  2639685   0.928
   929    14701  2642539   0.929
   930    14701  2645393   0.930
   931    14701  2648247   0.931
   932    14701  2651101   0.932
   933    14701  2653955   0.933
   934    14701  2656809   0.934
   935    14701  2659663   0.935
   936    14701  2662517   0.936
   937    14701  2665371   0.937
   938    14701  2668225   0.938
   939    14701  2671079   0.939
   940    14701  2673933   0.940
   941    14701  2676788   0.941
   942    14701  2679643   0.942
   943    14701  2682498   0.943
   944    14701  2685353   0.944
   945    14701  2688208   0.945
   946    14701  2691063   0.946
   947    14701  2693918   0.947
   948    14701  2696773   0.948
   949    14701  2699628   0.949
   950    14701  2702483   0.950
   951    14701  2705338   0.951
   952    14701  2708193   0.952
   953    14701  2711048   0.953
