 0.000E+00 0.000E+00
 0.316E+12 0.656E+14
 0.631E+12 0.657E+14
 0.947E+12 0.661E+14
 0.126E+13 0.663E+14
 0.158E+13 0.664E+14
 0.189E+13 0.665E+14
 0.221E+13 0.665E+14
 0.252E+13 0.665E+14
 0.284E+13 0.666E+14
 0.316E+13 0.666E+14
 0.347E+13 0.667E+14
 0.379E+13 0.668E+14
 0.410E+13 0.669E+14
 0.442E+13 0.669E+14
 0.473E+13 0.670E+14
 0.505E+13 0.670E+14
 0.536E+13 0.672E+14
 0.568E+13 0.673E+14
 0.600E+13 0.675E+14
 0.631E+13 0.679E+14
 0.663E+13 0.680E+14
 0.694E+13 0.681E+14
 0.726E+13 0.684E+14
 0.757E+13 0.687E+14
 0.789E+13 0.689E+14
 0.821E+13 0.694E+14
 0.852E+13 0.697E+14
 0.884E+13 0.701E+14
 0.915E+13 0.703E+14
 0.947E+13 0.714E+14
 0.978E+13 0.716E+14
 0.101E+14 0.725E+14
 0.104E+14 0.726E+14
 0.107E+14 0.731E+14
 0.110E+14 0.733E+14
 0.114E+14 0.748E+14
 0.117E+14 0.758E+14
 0.120E+14 0.773E+14
 0.123E+14 0.786E+14
 0.126E+14 0.824E+14
 0.129E+14 0.841E+14
 0.133E+14 0.868E+14
 0.136E+14 0.893E+14
 0.139E+14 0.921E+14
 0.142E+14 0.923E+14
 0.145E+14 0.941E+14
 0.148E+14 0.965E+14
 0.151E+14 0.988E+14
 0.155E+14 0.100E+15
 0.158E+14 0.102E+15
 0.161E+14 0.107E+15
 0.164E+14 0.113E+15
 0.167E+14 0.120E+15
 0.170E+14 0.122E+15
 0.174E+14 0.128E+15
 0.177E+14 0.132E+15
 0.180E+14 0.137E+15
 0.183E+14 0.141E+15
 0.186E+14 0.145E+15
 0.189E+14 0.150E+15
 0.193E+14 0.153E+15
 0.196E+14 0.156E+15
 0.199E+14 0.161E+15
 0.202E+14 0.165E+15
 0.205E+14 0.174E+15
 0.208E+14 0.181E+15
 0.211E+14 0.186E+15
 0.215E+14 0.191E+15
 0.218E+14 0.197E+15
 0.221E+14 0.200E+15
 0.224E+14 0.208E+15
 0.227E+14 0.215E+15
 0.230E+14 0.218E+15
 0.234E+14 0.225E+15
 0.237E+14 0.230E+15
 0.240E+14 0.236E+15
 0.243E+14 0.241E+15
 0.246E+14 0.248E+15
 0.249E+14 0.254E+15
 0.252E+14 0.259E+15
 0.256E+14 0.263E+15
 0.259E+14 0.269E+15
 0.262E+14 0.274E+15
 0.265E+14 0.284E+15
 0.268E+14 0.288E+15
 0.271E+14 0.293E+15
 0.275E+14 0.298E+15
 0.278E+14 0.304E+15
 0.281E+14 0.310E+15
 0.284E+14 0.317E+15
 0.287E+14 0.321E+15
 0.290E+14 0.325E+15
 0.293E+14 0.330E+15
 0.297E+14 0.338E+15
 0.300E+14 0.343E+15
